{
 "cells": [
  {
   "cell_type": "code",
   "execution_count": 1192,
   "id": "99b0f1bc",
   "metadata": {},
   "outputs": [],
   "source": [
    "import numpy as np\n",
    "import seaborn as sns\n",
    "import matplotlib.pyplot as plt\n",
    "import heavytools as hv\n",
    "import pandas as pd\n",
    "from matplotlib.patches import Rectangle"
   ]
  },
  {
   "cell_type": "code",
   "execution_count": 1193,
   "id": "cd3156be",
   "metadata": {},
   "outputs": [
    {
     "data": {
      "text/plain": [
       "(646, (646, 4005))"
      ]
     },
     "execution_count": 1193,
     "metadata": {},
     "output_type": "execute_result"
    }
   ],
   "source": [
    "train_file = np.load(\"data/standard_fcs_labels_training.npz\")\n",
    "\n",
    "labels = train_file[\"labels\"]\n",
    "inputs = train_file[\"standard_fcs\"]\n",
    "\n",
    "len(labels), inputs.shape"
   ]
  },
  {
   "cell_type": "code",
   "execution_count": 1212,
   "id": "da94db21",
   "metadata": {},
   "outputs": [
    {
     "data": {
      "text/plain": [
       "{'Logistic Regression L1': array([[[0.        , 0.        , 0.        , ..., 0.        ,\n",
       "          0.        , 0.        ],\n",
       "         [0.        , 0.        , 0.        , ..., 0.00232294,\n",
       "          0.00943835, 0.        ],\n",
       "         [0.        , 0.        , 0.        , ..., 0.        ,\n",
       "          0.        , 0.        ],\n",
       "         ...,\n",
       "         [0.        , 0.00232294, 0.        , ..., 0.        ,\n",
       "          0.        , 0.        ],\n",
       "         [0.        , 0.00943835, 0.        , ..., 0.        ,\n",
       "          0.        , 0.        ],\n",
       "         [0.        , 0.        , 0.        , ..., 0.        ,\n",
       "          0.        , 0.        ]],\n",
       " \n",
       "        [[0.        , 0.        , 0.        , ..., 0.        ,\n",
       "          0.        , 0.        ],\n",
       "         [0.        , 0.        , 0.        , ..., 0.00081575,\n",
       "          0.01034142, 0.        ],\n",
       "         [0.        , 0.        , 0.        , ..., 0.        ,\n",
       "          0.        , 0.        ],\n",
       "         ...,\n",
       "         [0.        , 0.00081575, 0.        , ..., 0.        ,\n",
       "          0.        , 0.        ],\n",
       "         [0.        , 0.01034142, 0.        , ..., 0.        ,\n",
       "          0.        , 0.        ],\n",
       "         [0.        , 0.        , 0.        , ..., 0.        ,\n",
       "          0.        , 0.        ]],\n",
       " \n",
       "        [[0.        , 0.        , 0.        , ..., 0.        ,\n",
       "          0.        , 0.        ],\n",
       "         [0.        , 0.        , 0.        , ..., 0.00864924,\n",
       "          0.01826059, 0.        ],\n",
       "         [0.        , 0.        , 0.        , ..., 0.        ,\n",
       "          0.        , 0.        ],\n",
       "         ...,\n",
       "         [0.        , 0.00864924, 0.        , ..., 0.        ,\n",
       "          0.        , 0.        ],\n",
       "         [0.        , 0.01826059, 0.        , ..., 0.        ,\n",
       "          0.        , 0.        ],\n",
       "         [0.        , 0.        , 0.        , ..., 0.        ,\n",
       "          0.        , 0.        ]],\n",
       " \n",
       "        ...,\n",
       " \n",
       "        [[0.        , 0.        , 0.        , ..., 0.        ,\n",
       "          0.        , 0.        ],\n",
       "         [0.        , 0.        , 0.        , ..., 0.00589545,\n",
       "          0.00135039, 0.        ],\n",
       "         [0.        , 0.        , 0.        , ..., 0.        ,\n",
       "          0.        , 0.        ],\n",
       "         ...,\n",
       "         [0.        , 0.00589545, 0.        , ..., 0.        ,\n",
       "          0.        , 0.        ],\n",
       "         [0.        , 0.00135039, 0.        , ..., 0.        ,\n",
       "          0.        , 0.        ],\n",
       "         [0.        , 0.        , 0.        , ..., 0.        ,\n",
       "          0.        , 0.        ]],\n",
       " \n",
       "        [[0.        , 0.        , 0.        , ..., 0.        ,\n",
       "          0.        , 0.        ],\n",
       "         [0.        , 0.        , 0.        , ..., 0.00603345,\n",
       "          0.01706273, 0.        ],\n",
       "         [0.        , 0.        , 0.        , ..., 0.        ,\n",
       "          0.        , 0.        ],\n",
       "         ...,\n",
       "         [0.        , 0.00603345, 0.        , ..., 0.        ,\n",
       "          0.        , 0.        ],\n",
       "         [0.        , 0.01706273, 0.        , ..., 0.        ,\n",
       "          0.        , 0.        ],\n",
       "         [0.        , 0.        , 0.        , ..., 0.        ,\n",
       "          0.        , 0.        ]],\n",
       " \n",
       "        [[0.        , 0.        , 0.        , ..., 0.        ,\n",
       "          0.        , 0.        ],\n",
       "         [0.        , 0.        , 0.        , ..., 0.00074225,\n",
       "          0.00162519, 0.        ],\n",
       "         [0.        , 0.        , 0.        , ..., 0.        ,\n",
       "          0.        , 0.        ],\n",
       "         ...,\n",
       "         [0.        , 0.00074225, 0.        , ..., 0.        ,\n",
       "          0.        , 0.        ],\n",
       "         [0.        , 0.00162519, 0.        , ..., 0.        ,\n",
       "          0.        , 0.        ],\n",
       "         [0.        , 0.        , 0.        , ..., 0.        ,\n",
       "          0.        , 0.        ]]]),\n",
       " 'Pooled NN': array([[[0.00000000e+00, 7.03563022e-03, 1.26432842e-02, ...,\n",
       "          7.72731760e-04, 7.37364930e-03, 3.69372578e-03],\n",
       "         [7.03563022e-03, 0.00000000e+00, 2.13421170e-02, ...,\n",
       "          1.56521599e-02, 2.51820106e-02, 7.32201088e-03],\n",
       "         [1.26432842e-02, 2.13421170e-02, 0.00000000e+00, ...,\n",
       "          1.58831268e-02, 2.09427349e-02, 2.61655071e-02],\n",
       "         ...,\n",
       "         [7.72731760e-04, 1.56521599e-02, 1.58831268e-02, ...,\n",
       "          0.00000000e+00, 2.66056538e-03, 1.06764832e-02],\n",
       "         [7.37364930e-03, 2.51820106e-02, 2.09427349e-02, ...,\n",
       "          2.66056538e-03, 0.00000000e+00, 2.37482813e-04],\n",
       "         [3.69372578e-03, 7.32201088e-03, 2.61655071e-02, ...,\n",
       "          1.06764832e-02, 2.37482813e-04, 0.00000000e+00]],\n",
       " \n",
       "        [[0.00000000e+00, 6.28292315e-03, 1.01284111e-02, ...,\n",
       "          3.84505491e-04, 6.59395334e-03, 5.51256338e-03],\n",
       "         [6.28292315e-03, 0.00000000e+00, 1.21907098e-02, ...,\n",
       "          4.03705653e-03, 1.92748960e-02, 4.87881943e-03],\n",
       "         [1.01284111e-02, 1.21907098e-02, 0.00000000e+00, ...,\n",
       "          6.69922038e-03, 1.43101132e-02, 1.88428173e-02],\n",
       "         ...,\n",
       "         [3.84505491e-04, 4.03705653e-03, 6.69922038e-03, ...,\n",
       "          0.00000000e+00, 2.26320228e-03, 7.08893085e-03],\n",
       "         [6.59395334e-03, 1.92748960e-02, 1.43101132e-02, ...,\n",
       "          2.26320228e-03, 0.00000000e+00, 3.20095410e-04],\n",
       "         [5.51256338e-03, 4.87881943e-03, 1.88428173e-02, ...,\n",
       "          7.08893085e-03, 3.20095410e-04, 0.00000000e+00]],\n",
       " \n",
       "        [[0.00000000e+00, 8.23349029e-03, 1.17560652e-03, ...,\n",
       "          2.63738301e-03, 5.83066159e-03, 1.43115270e-03],\n",
       "         [8.23349029e-03, 0.00000000e+00, 1.38263188e-02, ...,\n",
       "          3.20623186e-02, 2.85684906e-02, 1.06540577e-03],\n",
       "         [1.17560652e-03, 1.38263188e-02, 0.00000000e+00, ...,\n",
       "          2.41391415e-02, 1.12810193e-02, 2.52108963e-03],\n",
       "         ...,\n",
       "         [2.63738301e-03, 3.20623186e-02, 2.41391415e-02, ...,\n",
       "          0.00000000e+00, 7.77104504e-03, 1.86073217e-03],\n",
       "         [5.83066159e-03, 2.85684906e-02, 1.12810193e-02, ...,\n",
       "          7.77104504e-03, 0.00000000e+00, 3.39157560e-04],\n",
       "         [1.43115270e-03, 1.06540577e-03, 2.52108963e-03, ...,\n",
       "          1.86073217e-03, 3.39157560e-04, 0.00000000e+00]],\n",
       " \n",
       "        ...,\n",
       " \n",
       "        [[0.00000000e+00, 3.59314520e-03, 2.04215223e-03, ...,\n",
       "          1.16847959e-03, 4.90867708e-03, 6.45532689e-04],\n",
       "         [3.59314520e-03, 0.00000000e+00, 2.17032507e-03, ...,\n",
       "          1.28687231e-02, 1.24324826e-03, 1.05704266e-03],\n",
       "         [2.04215223e-03, 2.17032507e-03, 0.00000000e+00, ...,\n",
       "          1.18529349e-02, 7.40478800e-03, 8.63369606e-04],\n",
       "         ...,\n",
       "         [1.16847959e-03, 1.28687231e-02, 1.18529349e-02, ...,\n",
       "          0.00000000e+00, 2.95955878e-03, 3.43573152e-05],\n",
       "         [4.90867708e-03, 1.24324826e-03, 7.40478800e-03, ...,\n",
       "          2.95955878e-03, 0.00000000e+00, 1.63286377e-04],\n",
       "         [6.45532689e-04, 1.05704266e-03, 8.63369606e-04, ...,\n",
       "          3.43573152e-05, 1.63286377e-04, 0.00000000e+00]],\n",
       " \n",
       "        [[0.00000000e+00, 1.18104241e-02, 6.18230975e-03, ...,\n",
       "          1.75036148e-03, 7.60345619e-03, 6.12809437e-03],\n",
       "         [1.18104241e-02, 0.00000000e+00, 1.73113564e-02, ...,\n",
       "          3.38129099e-02, 3.94651664e-02, 2.33833655e-03],\n",
       "         [6.18230975e-03, 1.73113564e-02, 0.00000000e+00, ...,\n",
       "          2.72110338e-02, 1.58992856e-02, 1.04556541e-04],\n",
       "         ...,\n",
       "         [1.75036148e-03, 3.38129099e-02, 2.72110338e-02, ...,\n",
       "          0.00000000e+00, 1.50067265e-02, 1.10187397e-02],\n",
       "         [7.60345619e-03, 3.94651664e-02, 1.58992856e-02, ...,\n",
       "          1.50067265e-02, 0.00000000e+00, 3.26362384e-03],\n",
       "         [6.12809437e-03, 2.33833655e-03, 1.04556541e-04, ...,\n",
       "          1.10187397e-02, 3.26362384e-03, 0.00000000e+00]],\n",
       " \n",
       "        [[0.00000000e+00, 3.72615773e-02, 1.96145422e-02, ...,\n",
       "          5.39768078e-03, 2.75441892e-02, 1.48468796e-02],\n",
       "         [3.72615773e-02, 0.00000000e+00, 4.50241739e-02, ...,\n",
       "          1.41552787e-02, 1.33542380e-02, 1.40173180e-03],\n",
       "         [1.96145422e-02, 4.50241739e-02, 0.00000000e+00, ...,\n",
       "          1.85717755e-02, 1.49810081e-02, 1.27261091e-02],\n",
       "         ...,\n",
       "         [5.39768078e-03, 1.41552787e-02, 1.85717755e-02, ...,\n",
       "          0.00000000e+00, 4.73572283e-02, 1.63237959e-01],\n",
       "         [2.75441892e-02, 1.33542380e-02, 1.49810081e-02, ...,\n",
       "          4.73572283e-02, 0.00000000e+00, 1.29983877e-02],\n",
       "         [1.48468796e-02, 1.40173180e-03, 1.27261091e-02, ...,\n",
       "          1.63237959e-01, 1.29983877e-02, 0.00000000e+00]]]),\n",
       " 'PLS': array([[[0.00000000e+00, 6.69120936e-04, 5.14179716e-04, ...,\n",
       "          6.89426239e-05, 7.16973914e-05, 8.14724592e-05],\n",
       "         [6.69120936e-04, 0.00000000e+00, 1.32334345e-04, ...,\n",
       "          4.42288192e-04, 4.54636704e-04, 3.75310714e-04],\n",
       "         [5.14179716e-04, 1.32334345e-04, 0.00000000e+00, ...,\n",
       "          4.42777647e-04, 2.56519636e-05, 4.28377458e-04],\n",
       "         ...,\n",
       "         [6.89426239e-05, 4.42288192e-04, 4.42777647e-04, ...,\n",
       "          0.00000000e+00, 5.64871410e-05, 1.56924170e-04],\n",
       "         [7.16973914e-05, 4.54636704e-04, 2.56519636e-05, ...,\n",
       "          5.64871410e-05, 0.00000000e+00, 1.68684160e-05],\n",
       "         [8.14724592e-05, 3.75310714e-04, 4.28377458e-04, ...,\n",
       "          1.56924170e-04, 1.68684160e-05, 0.00000000e+00]],\n",
       " \n",
       "        [[0.00000000e+00, 7.91930342e-04, 5.49333453e-04, ...,\n",
       "          4.43520039e-05, 9.52265239e-05, 1.73900276e-04],\n",
       "         [7.91930342e-04, 0.00000000e+00, 1.13622796e-04, ...,\n",
       "          1.55318462e-04, 4.98136624e-04, 3.33257692e-04],\n",
       "         [5.49333453e-04, 1.13622796e-04, 0.00000000e+00, ...,\n",
       "          2.62382249e-04, 2.66671922e-05, 4.40627400e-04],\n",
       "         ...,\n",
       "         [4.43520039e-05, 1.55318462e-04, 2.62382249e-04, ...,\n",
       "          0.00000000e+00, 7.08251975e-05, 1.54034504e-04],\n",
       "         [9.52265239e-05, 4.98136624e-04, 2.66671922e-05, ...,\n",
       "          7.08251975e-05, 0.00000000e+00, 1.80772486e-05],\n",
       "         [1.73900276e-04, 3.33257692e-04, 4.40627400e-04, ...,\n",
       "          1.54034504e-04, 1.80772486e-05, 0.00000000e+00]],\n",
       " \n",
       "        [[0.00000000e+00, 1.29692198e-03, 6.14609597e-04, ...,\n",
       "          4.72157443e-04, 8.17786692e-05, 6.49816246e-05],\n",
       "         [1.29692198e-03, 0.00000000e+00, 1.76727889e-04, ...,\n",
       "          1.64681563e-03, 8.79595982e-04, 9.70418411e-05],\n",
       "         [6.14609597e-04, 1.76727889e-04, 0.00000000e+00, ...,\n",
       "          1.16688771e-03, 2.30721959e-05, 6.59138756e-05],\n",
       "         ...,\n",
       "         [4.72157443e-04, 1.64681563e-03, 1.16688771e-03, ...,\n",
       "          0.00000000e+00, 3.79678227e-04, 4.09420178e-05],\n",
       "         [8.17786692e-05, 8.79595982e-04, 2.30721959e-05, ...,\n",
       "          3.79678227e-04, 0.00000000e+00, 2.69285280e-06],\n",
       "         [6.49816246e-05, 9.70418411e-05, 6.59138756e-05, ...,\n",
       "          4.09420178e-05, 2.69285280e-06, 0.00000000e+00]],\n",
       " \n",
       "        ...,\n",
       " \n",
       "        [[0.00000000e+00, 7.99503191e-04, 4.38568326e-04, ...,\n",
       "          2.81634496e-04, 1.20713953e-04, 5.05502952e-05],\n",
       "         [7.99503191e-04, 0.00000000e+00, 6.40230061e-05, ...,\n",
       "          1.12249462e-03, 6.50468551e-05, 1.75890111e-04],\n",
       "         [4.38568326e-04, 6.40230061e-05, 0.00000000e+00, ...,\n",
       "          9.79734948e-04, 2.56600817e-05, 3.99916419e-05],\n",
       "         ...,\n",
       "         [2.81634496e-04, 1.12249462e-03, 9.79734948e-04, ...,\n",
       "          0.00000000e+00, 2.79491784e-04, 1.26119995e-06],\n",
       "         [1.20713953e-04, 6.50468551e-05, 2.56600817e-05, ...,\n",
       "          2.79491784e-04, 0.00000000e+00, 2.50582536e-06],\n",
       "         [5.05502952e-05, 1.75890111e-04, 3.99916419e-05, ...,\n",
       "          1.26119995e-06, 2.50582536e-06, 0.00000000e+00]],\n",
       " \n",
       "        [[0.00000000e+00, 1.27199748e-03, 5.17611186e-04, ...,\n",
       "          2.87832960e-04, 7.80663993e-05, 1.85730277e-04],\n",
       "         [1.27199748e-03, 0.00000000e+00, 1.59042619e-04, ...,\n",
       "          1.14876941e-03, 8.21896118e-04, 1.39380851e-04],\n",
       "         [5.17611186e-04, 1.59042619e-04, 0.00000000e+00, ...,\n",
       "          9.04902337e-04, 2.14802367e-05, 1.87947202e-06],\n",
       "         ...,\n",
       "         [2.87832960e-04, 1.14876941e-03, 9.04902337e-04, ...,\n",
       "          0.00000000e+00, 4.78720586e-04, 1.70070719e-04],\n",
       "         [7.80663993e-05, 8.21896118e-04, 2.14802367e-05, ...,\n",
       "          4.78720586e-04, 0.00000000e+00, 1.81609024e-05],\n",
       "         [1.85730277e-04, 1.39380851e-04, 1.87947202e-06, ...,\n",
       "          1.70070719e-04, 1.81609024e-05, 0.00000000e+00]],\n",
       " \n",
       "        [[0.00000000e+00, 9.60415485e-04, 5.77348433e-04, ...,\n",
       "          1.53958782e-04, 7.87940296e-05, 1.28957783e-04],\n",
       "         [9.60415485e-04, 0.00000000e+00, 1.11761604e-04, ...,\n",
       "          1.41323565e-04, 7.82841059e-05, 2.44488139e-05],\n",
       "         [5.77348433e-04, 1.11761604e-04, 0.00000000e+00, ...,\n",
       "          1.89135852e-04, 5.72460891e-06, 6.69139215e-05],\n",
       "         ...,\n",
       "         [1.53958782e-04, 1.41323565e-04, 1.89135852e-04, ...,\n",
       "          0.00000000e+00, 5.10473281e-04, 7.41346237e-04],\n",
       "         [7.87940296e-05, 7.82841059e-05, 5.72460891e-06, ...,\n",
       "          5.10473281e-04, 0.00000000e+00, 2.46596357e-05],\n",
       "         [1.28957783e-04, 2.44488139e-05, 6.69139215e-05, ...,\n",
       "          7.41346237e-04, 2.46596357e-05, 0.00000000e+00]]]),\n",
       " 'PLS Boosting': array([[[ 0.00000000e+00,  3.47731047e-03,  2.71409433e-03, ...,\n",
       "          -3.36681055e-04, -3.16952973e-04, -4.14731701e-04],\n",
       "         [ 3.47731047e-03,  0.00000000e+00,  8.47630521e-04, ...,\n",
       "           2.33710844e-03,  2.37866606e-03, -1.89871819e-03],\n",
       "         [ 2.71409433e-03,  8.47630521e-04,  0.00000000e+00, ...,\n",
       "           2.34801826e-03, -5.99758156e-05, -2.17461923e-03],\n",
       "         ...,\n",
       "         [-3.36681055e-04,  2.33710844e-03,  2.34801826e-03, ...,\n",
       "           0.00000000e+00, -2.90242407e-04,  8.12846208e-04],\n",
       "         [-3.16952973e-04,  2.37866606e-03, -5.99758156e-05, ...,\n",
       "          -2.90242407e-04,  0.00000000e+00,  9.21198300e-05],\n",
       "         [-4.14731701e-04, -1.89871819e-03, -2.17461923e-03, ...,\n",
       "           8.12846208e-04,  9.21198300e-05,  0.00000000e+00]],\n",
       " \n",
       "        [[ 0.00000000e+00,  4.11553057e-03,  2.89965310e-03, ...,\n",
       "          -2.16592851e-04, -4.20968312e-04, -8.85231134e-04],\n",
       "         [ 4.11553057e-03,  0.00000000e+00,  7.27778940e-04, ...,\n",
       "           8.20722995e-04,  2.60625829e-03, -1.68596956e-03],\n",
       "         [ 2.89965310e-03,  7.27778940e-04,  0.00000000e+00, ...,\n",
       "           1.39139434e-03, -6.23494804e-05, -2.23680494e-03],\n",
       "         ...,\n",
       "         [-2.16592851e-04,  8.20722995e-04,  1.39139434e-03, ...,\n",
       "           0.00000000e+00, -3.63914255e-04,  7.97878126e-04],\n",
       "         [-4.20968312e-04,  2.60625829e-03, -6.23494804e-05, ...,\n",
       "          -3.63914255e-04,  0.00000000e+00,  9.87213658e-05],\n",
       "         [-8.85231134e-04, -1.68596956e-03, -2.23680494e-03, ...,\n",
       "           7.97878126e-04,  9.87213658e-05,  0.00000000e+00]],\n",
       " \n",
       "        [[ 0.00000000e+00,  6.73988829e-03,  3.24421281e-03, ...,\n",
       "          -2.30577917e-03, -3.61519322e-04, -3.30785887e-04],\n",
       "         [ 6.73988829e-03,  0.00000000e+00,  1.13198091e-03, ...,\n",
       "           8.70198842e-03,  4.60205938e-03, -4.90940177e-04],\n",
       "         [ 3.24421281e-03,  1.13198091e-03,  0.00000000e+00, ...,\n",
       "           6.18792223e-03, -5.39441655e-05, -3.34605798e-04],\n",
       "         ...,\n",
       "         [-2.30577917e-03,  8.70198842e-03,  6.18792223e-03, ...,\n",
       "           0.00000000e+00, -1.95086387e-03,  2.12074175e-04],\n",
       "         [-3.61519322e-04,  4.60205938e-03, -5.39441655e-05, ...,\n",
       "          -1.95086387e-03,  0.00000000e+00,  1.47058943e-05],\n",
       "         [-3.30785887e-04, -4.90940177e-04, -3.34605798e-04, ...,\n",
       "           2.12074175e-04,  1.47058943e-05,  0.00000000e+00]],\n",
       " \n",
       "        ...,\n",
       " \n",
       "        [[ 0.00000000e+00,  4.15488541e-03,  2.31498009e-03, ...,\n",
       "          -1.37536104e-03, -5.33640700e-04, -2.57323888e-04],\n",
       "         [ 4.15488541e-03,  0.00000000e+00,  4.10081403e-04, ...,\n",
       "           5.93140787e-03,  3.40326122e-04, -8.89838044e-04],\n",
       "         [ 2.31498009e-03,  4.10081403e-04,  0.00000000e+00, ...,\n",
       "           5.19546451e-03, -5.99947961e-05, -2.03013935e-04],\n",
       "         ...,\n",
       "         [-1.37536104e-03,  5.93140787e-03,  5.19546451e-03, ...,\n",
       "           0.00000000e+00, -1.43608557e-03,  6.53284703e-06],\n",
       "         [-5.33640700e-04,  3.40326122e-04, -5.99947961e-05, ...,\n",
       "          -1.43608557e-03,  0.00000000e+00,  1.36845218e-05],\n",
       "         [-2.57323888e-04, -8.89838044e-04, -2.03013935e-04, ...,\n",
       "           6.53284703e-06,  1.36845218e-05,  0.00000000e+00]],\n",
       " \n",
       "        [[ 0.00000000e+00,  6.61035984e-03,  2.73220732e-03, ...,\n",
       "          -1.40563122e-03, -3.45108474e-04, -9.45451195e-04],\n",
       "         [ 6.61035984e-03,  0.00000000e+00,  1.01870288e-03, ...,\n",
       "           6.07024725e-03,  4.30017283e-03, -7.05135627e-04],\n",
       "         [ 2.73220732e-03,  1.01870288e-03,  0.00000000e+00, ...,\n",
       "           4.79863251e-03, -5.02220701e-05, -9.54096886e-06],\n",
       "         ...,\n",
       "         [-1.40563122e-03,  6.07024725e-03,  4.79863251e-03, ...,\n",
       "           0.00000000e+00, -2.45976363e-03,  8.80943575e-04],\n",
       "         [-3.45108474e-04,  4.30017283e-03, -5.02220701e-05, ...,\n",
       "          -2.45976363e-03,  0.00000000e+00,  9.91782064e-05],\n",
       "         [-9.45451195e-04, -7.05135627e-04, -9.54096886e-06, ...,\n",
       "           8.80943575e-04,  9.91782064e-05,  0.00000000e+00]],\n",
       " \n",
       "        [[ 0.00000000e+00,  4.99111990e-03,  3.04752999e-03, ...,\n",
       "          -7.51857156e-04, -3.48325113e-04, -6.56453498e-04],\n",
       "         [ 4.99111990e-03,  0.00000000e+00,  7.15857596e-04, ...,\n",
       "           7.46772134e-04,  4.09583617e-04, -1.23687936e-04],\n",
       "         [ 3.04752999e-03,  7.15857596e-04,  0.00000000e+00, ...,\n",
       "           1.00297393e-03, -1.33844759e-05, -3.39682440e-04],\n",
       "         ...,\n",
       "         [-7.51857156e-04,  7.46772134e-04,  1.00297393e-03, ...,\n",
       "           0.00000000e+00, -2.62291543e-03,  3.84007434e-03],\n",
       "         [-3.48325113e-04,  4.09583617e-04, -1.33844759e-05, ...,\n",
       "          -2.62291543e-03,  0.00000000e+00,  1.34668333e-04],\n",
       "         [-6.56453498e-04, -1.23687936e-04, -3.39682440e-04, ...,\n",
       "           3.84007434e-03,  1.34668333e-04,  0.00000000e+00]]])}"
      ]
     },
     "execution_count": 1212,
     "metadata": {},
     "output_type": "execute_result"
    }
   ],
   "source": [
    "model_dirs = [\"l1_logr\", \"pooled_nn\", \"pls\", \"pls_boosting\"]\n",
    "names = {\"l2_logr\": \"Logistic Regression L2\", \"l2_svm\": \"Support VM L2\", \"l1_logr\": \"Logistic Regression L1\", \n",
    "         \"pooled_nn\": \"Pooled NN\", \"pls\": \"PLS\", \"pls_boosting\": \"PLS Boosting\"}\n",
    "\n",
    "fcms = {\n",
    "    names[n]:np.load(open(f\"out/functional_connectivity/{n}/fcms.npy\", \"rb\")) for n in model_dirs\n",
    "}\n",
    "\n",
    "fcms"
   ]
  },
  {
   "cell_type": "code",
   "execution_count": 1213,
   "id": "c80619e2",
   "metadata": {},
   "outputs": [
    {
     "data": {
